{
 "cells": [
  {
   "cell_type": "code",
   "execution_count": 2,
   "id": "409d80cc",
   "metadata": {},
   "outputs": [],
   "source": [
    "import numpy as np\n",
    "import pandas as pd\n",
    "from dotenv import load_dotenv\n",
    "import os\n",
    "import spotipy\n",
    "from sklearn.manifold import TSNE\n",
    "from sklearn.cluster import KMeans\n",
    "from spotipy.oauth2 import SpotifyClientCredentials\n",
    "import matplotlib.pyplot as plt\n",
    "import plotly.express as px\n",
    "\n",
    "import string\n",
    "import re\n",
    "\n",
    "import joblib\n",
    "\n",
    "\n",
    "load_dotenv()\n",
    "SPOTIFY_KEY1 = os.getenv('SPOTIFY_KEY1')\n",
    "SPOTIFY_KEY2 = os.getenv('SPOTIFY_KEY2')\n",
    "SPOTIFY_DATA = os.getenv('SPOTIFY_DATA')\n",
    "TCC_DATA = os.getenv('TCC_DATA')\n",
    "\n",
    "spotify = spotipy.Spotify(client_credentials_manager=SpotifyClientCredentials(SPOTIFY_KEY1,\n",
    "                                                                              SPOTIFY_KEY2))"
   ]
  },
  {
   "cell_type": "code",
   "execution_count": 4,
   "id": "54f1c7f2",
   "metadata": {},
   "outputs": [],
   "source": [
    "tracks_df = pd.read_csv(SPOTIFY_DATA)\n",
    "features = ['valence', 'acousticness', 'danceability', 'energy', 'explicit', 'instrumentalness', 'key', 'loudness', 'mode', 'speechiness', 'tempo' ]"
   ]
  },
  {
   "cell_type": "code",
   "execution_count": 6,
   "id": "93849b60",
   "metadata": {},
   "outputs": [],
   "source": [
    "reduced_df = tracks_df[:2000]\n",
    "# pd.plotting.scatter_matrix(reduced_df[features], figsize=(20,12))"
   ]
  },
  {
   "cell_type": "code",
   "execution_count": 7,
   "id": "af4dde7c",
   "metadata": {},
   "outputs": [
    {
     "data": {
      "text/html": [
       "<div>\n",
       "<style scoped>\n",
       "    .dataframe tbody tr th:only-of-type {\n",
       "        vertical-align: middle;\n",
       "    }\n",
       "\n",
       "    .dataframe tbody tr th {\n",
       "        vertical-align: top;\n",
       "    }\n",
       "\n",
       "    .dataframe thead th {\n",
       "        text-align: right;\n",
       "    }\n",
       "</style>\n",
       "<table border=\"1\" class=\"dataframe\">\n",
       "  <thead>\n",
       "    <tr style=\"text-align: right;\">\n",
       "      <th></th>\n",
       "      <th>valence</th>\n",
       "      <th>year</th>\n",
       "      <th>acousticness</th>\n",
       "      <th>danceability</th>\n",
       "      <th>duration_ms</th>\n",
       "      <th>energy</th>\n",
       "      <th>explicit</th>\n",
       "      <th>instrumentalness</th>\n",
       "      <th>key</th>\n",
       "      <th>liveness</th>\n",
       "      <th>loudness</th>\n",
       "      <th>mode</th>\n",
       "      <th>popularity</th>\n",
       "      <th>speechiness</th>\n",
       "      <th>tempo</th>\n",
       "    </tr>\n",
       "  </thead>\n",
       "  <tbody>\n",
       "    <tr>\n",
       "      <th>valence</th>\n",
       "      <td>1.000000</td>\n",
       "      <td>-0.023614</td>\n",
       "      <td>0.060014</td>\n",
       "      <td>0.593436</td>\n",
       "      <td>-0.376172</td>\n",
       "      <td>0.407305</td>\n",
       "      <td>-0.076705</td>\n",
       "      <td>-0.011159</td>\n",
       "      <td>0.054676</td>\n",
       "      <td>-0.046150</td>\n",
       "      <td>0.355033</td>\n",
       "      <td>0.026941</td>\n",
       "      <td>-0.043216</td>\n",
       "      <td>-0.001657</td>\n",
       "      <td>0.292332</td>\n",
       "    </tr>\n",
       "    <tr>\n",
       "      <th>year</th>\n",
       "      <td>-0.023614</td>\n",
       "      <td>1.000000</td>\n",
       "      <td>-0.174359</td>\n",
       "      <td>0.168417</td>\n",
       "      <td>-0.044807</td>\n",
       "      <td>-0.061575</td>\n",
       "      <td>0.286660</td>\n",
       "      <td>-0.134198</td>\n",
       "      <td>0.014141</td>\n",
       "      <td>-0.037670</td>\n",
       "      <td>-0.025349</td>\n",
       "      <td>-0.002306</td>\n",
       "      <td>0.096119</td>\n",
       "      <td>0.313488</td>\n",
       "      <td>0.012782</td>\n",
       "    </tr>\n",
       "    <tr>\n",
       "      <th>acousticness</th>\n",
       "      <td>0.060014</td>\n",
       "      <td>-0.174359</td>\n",
       "      <td>1.000000</td>\n",
       "      <td>-0.192586</td>\n",
       "      <td>0.071374</td>\n",
       "      <td>-0.204052</td>\n",
       "      <td>-0.689840</td>\n",
       "      <td>0.318053</td>\n",
       "      <td>-0.033288</td>\n",
       "      <td>-0.054574</td>\n",
       "      <td>0.036958</td>\n",
       "      <td>0.058337</td>\n",
       "      <td>0.125941</td>\n",
       "      <td>-0.634383</td>\n",
       "      <td>-0.015690</td>\n",
       "    </tr>\n",
       "    <tr>\n",
       "      <th>danceability</th>\n",
       "      <td>0.593436</td>\n",
       "      <td>0.168417</td>\n",
       "      <td>-0.192586</td>\n",
       "      <td>1.000000</td>\n",
       "      <td>-0.323632</td>\n",
       "      <td>0.190921</td>\n",
       "      <td>0.206565</td>\n",
       "      <td>-0.242341</td>\n",
       "      <td>0.015868</td>\n",
       "      <td>-0.125331</td>\n",
       "      <td>0.315292</td>\n",
       "      <td>0.030209</td>\n",
       "      <td>0.041181</td>\n",
       "      <td>0.305105</td>\n",
       "      <td>0.102241</td>\n",
       "    </tr>\n",
       "    <tr>\n",
       "      <th>duration_ms</th>\n",
       "      <td>-0.376172</td>\n",
       "      <td>-0.044807</td>\n",
       "      <td>0.071374</td>\n",
       "      <td>-0.323632</td>\n",
       "      <td>1.000000</td>\n",
       "      <td>-0.044279</td>\n",
       "      <td>-0.155156</td>\n",
       "      <td>0.140405</td>\n",
       "      <td>-0.002214</td>\n",
       "      <td>0.037533</td>\n",
       "      <td>-0.034853</td>\n",
       "      <td>0.055954</td>\n",
       "      <td>0.131568</td>\n",
       "      <td>-0.242915</td>\n",
       "      <td>-0.107426</td>\n",
       "    </tr>\n",
       "    <tr>\n",
       "      <th>energy</th>\n",
       "      <td>0.407305</td>\n",
       "      <td>-0.061575</td>\n",
       "      <td>-0.204052</td>\n",
       "      <td>0.190921</td>\n",
       "      <td>-0.044279</td>\n",
       "      <td>1.000000</td>\n",
       "      <td>-0.022525</td>\n",
       "      <td>-0.046174</td>\n",
       "      <td>0.001663</td>\n",
       "      <td>0.161342</td>\n",
       "      <td>0.649615</td>\n",
       "      <td>0.001631</td>\n",
       "      <td>-0.047636</td>\n",
       "      <td>-0.013972</td>\n",
       "      <td>0.208381</td>\n",
       "    </tr>\n",
       "    <tr>\n",
       "      <th>explicit</th>\n",
       "      <td>-0.076705</td>\n",
       "      <td>0.286660</td>\n",
       "      <td>-0.689840</td>\n",
       "      <td>0.206565</td>\n",
       "      <td>-0.155156</td>\n",
       "      <td>-0.022525</td>\n",
       "      <td>1.000000</td>\n",
       "      <td>-0.276412</td>\n",
       "      <td>0.009907</td>\n",
       "      <td>0.056837</td>\n",
       "      <td>-0.143700</td>\n",
       "      <td>-0.033745</td>\n",
       "      <td>-0.171667</td>\n",
       "      <td>0.791756</td>\n",
       "      <td>-0.040622</td>\n",
       "    </tr>\n",
       "    <tr>\n",
       "      <th>instrumentalness</th>\n",
       "      <td>-0.011159</td>\n",
       "      <td>-0.134198</td>\n",
       "      <td>0.318053</td>\n",
       "      <td>-0.242341</td>\n",
       "      <td>0.140405</td>\n",
       "      <td>-0.046174</td>\n",
       "      <td>-0.276412</td>\n",
       "      <td>1.000000</td>\n",
       "      <td>0.051668</td>\n",
       "      <td>-0.066743</td>\n",
       "      <td>-0.223519</td>\n",
       "      <td>-0.051044</td>\n",
       "      <td>-0.007267</td>\n",
       "      <td>-0.311901</td>\n",
       "      <td>0.033395</td>\n",
       "    </tr>\n",
       "    <tr>\n",
       "      <th>key</th>\n",
       "      <td>0.054676</td>\n",
       "      <td>0.014141</td>\n",
       "      <td>-0.033288</td>\n",
       "      <td>0.015868</td>\n",
       "      <td>-0.002214</td>\n",
       "      <td>0.001663</td>\n",
       "      <td>0.009907</td>\n",
       "      <td>0.051668</td>\n",
       "      <td>1.000000</td>\n",
       "      <td>-0.029416</td>\n",
       "      <td>-0.044473</td>\n",
       "      <td>-0.089586</td>\n",
       "      <td>-0.057285</td>\n",
       "      <td>0.028510</td>\n",
       "      <td>0.014816</td>\n",
       "    </tr>\n",
       "    <tr>\n",
       "      <th>liveness</th>\n",
       "      <td>-0.046150</td>\n",
       "      <td>-0.037670</td>\n",
       "      <td>-0.054574</td>\n",
       "      <td>-0.125331</td>\n",
       "      <td>0.037533</td>\n",
       "      <td>0.161342</td>\n",
       "      <td>0.056837</td>\n",
       "      <td>-0.066743</td>\n",
       "      <td>-0.029416</td>\n",
       "      <td>1.000000</td>\n",
       "      <td>0.060390</td>\n",
       "      <td>0.001600</td>\n",
       "      <td>-0.029949</td>\n",
       "      <td>0.100719</td>\n",
       "      <td>-0.039487</td>\n",
       "    </tr>\n",
       "    <tr>\n",
       "      <th>loudness</th>\n",
       "      <td>0.355033</td>\n",
       "      <td>-0.025349</td>\n",
       "      <td>0.036958</td>\n",
       "      <td>0.315292</td>\n",
       "      <td>-0.034853</td>\n",
       "      <td>0.649615</td>\n",
       "      <td>-0.143700</td>\n",
       "      <td>-0.223519</td>\n",
       "      <td>-0.044473</td>\n",
       "      <td>0.060390</td>\n",
       "      <td>1.000000</td>\n",
       "      <td>0.123124</td>\n",
       "      <td>0.114812</td>\n",
       "      <td>-0.193951</td>\n",
       "      <td>0.201769</td>\n",
       "    </tr>\n",
       "    <tr>\n",
       "      <th>mode</th>\n",
       "      <td>0.026941</td>\n",
       "      <td>-0.002306</td>\n",
       "      <td>0.058337</td>\n",
       "      <td>0.030209</td>\n",
       "      <td>0.055954</td>\n",
       "      <td>0.001631</td>\n",
       "      <td>-0.033745</td>\n",
       "      <td>-0.051044</td>\n",
       "      <td>-0.089586</td>\n",
       "      <td>0.001600</td>\n",
       "      <td>0.123124</td>\n",
       "      <td>1.000000</td>\n",
       "      <td>0.076734</td>\n",
       "      <td>-0.049009</td>\n",
       "      <td>0.053433</td>\n",
       "    </tr>\n",
       "    <tr>\n",
       "      <th>popularity</th>\n",
       "      <td>-0.043216</td>\n",
       "      <td>0.096119</td>\n",
       "      <td>0.125941</td>\n",
       "      <td>0.041181</td>\n",
       "      <td>0.131568</td>\n",
       "      <td>-0.047636</td>\n",
       "      <td>-0.171667</td>\n",
       "      <td>-0.007267</td>\n",
       "      <td>-0.057285</td>\n",
       "      <td>-0.029949</td>\n",
       "      <td>0.114812</td>\n",
       "      <td>0.076734</td>\n",
       "      <td>1.000000</td>\n",
       "      <td>-0.207958</td>\n",
       "      <td>0.030778</td>\n",
       "    </tr>\n",
       "    <tr>\n",
       "      <th>speechiness</th>\n",
       "      <td>-0.001657</td>\n",
       "      <td>0.313488</td>\n",
       "      <td>-0.634383</td>\n",
       "      <td>0.305105</td>\n",
       "      <td>-0.242915</td>\n",
       "      <td>-0.013972</td>\n",
       "      <td>0.791756</td>\n",
       "      <td>-0.311901</td>\n",
       "      <td>0.028510</td>\n",
       "      <td>0.100719</td>\n",
       "      <td>-0.193951</td>\n",
       "      <td>-0.049009</td>\n",
       "      <td>-0.207958</td>\n",
       "      <td>1.000000</td>\n",
       "      <td>-0.007045</td>\n",
       "    </tr>\n",
       "    <tr>\n",
       "      <th>tempo</th>\n",
       "      <td>0.292332</td>\n",
       "      <td>0.012782</td>\n",
       "      <td>-0.015690</td>\n",
       "      <td>0.102241</td>\n",
       "      <td>-0.107426</td>\n",
       "      <td>0.208381</td>\n",
       "      <td>-0.040622</td>\n",
       "      <td>0.033395</td>\n",
       "      <td>0.014816</td>\n",
       "      <td>-0.039487</td>\n",
       "      <td>0.201769</td>\n",
       "      <td>0.053433</td>\n",
       "      <td>0.030778</td>\n",
       "      <td>-0.007045</td>\n",
       "      <td>1.000000</td>\n",
       "    </tr>\n",
       "  </tbody>\n",
       "</table>\n",
       "</div>"
      ],
      "text/plain": [
       "                   valence      year  acousticness  danceability  duration_ms  \\\n",
       "valence           1.000000 -0.023614      0.060014      0.593436    -0.376172   \n",
       "year             -0.023614  1.000000     -0.174359      0.168417    -0.044807   \n",
       "acousticness      0.060014 -0.174359      1.000000     -0.192586     0.071374   \n",
       "danceability      0.593436  0.168417     -0.192586      1.000000    -0.323632   \n",
       "duration_ms      -0.376172 -0.044807      0.071374     -0.323632     1.000000   \n",
       "energy            0.407305 -0.061575     -0.204052      0.190921    -0.044279   \n",
       "explicit         -0.076705  0.286660     -0.689840      0.206565    -0.155156   \n",
       "instrumentalness -0.011159 -0.134198      0.318053     -0.242341     0.140405   \n",
       "key               0.054676  0.014141     -0.033288      0.015868    -0.002214   \n",
       "liveness         -0.046150 -0.037670     -0.054574     -0.125331     0.037533   \n",
       "loudness          0.355033 -0.025349      0.036958      0.315292    -0.034853   \n",
       "mode              0.026941 -0.002306      0.058337      0.030209     0.055954   \n",
       "popularity       -0.043216  0.096119      0.125941      0.041181     0.131568   \n",
       "speechiness      -0.001657  0.313488     -0.634383      0.305105    -0.242915   \n",
       "tempo             0.292332  0.012782     -0.015690      0.102241    -0.107426   \n",
       "\n",
       "                    energy  explicit  instrumentalness       key  liveness  \\\n",
       "valence           0.407305 -0.076705         -0.011159  0.054676 -0.046150   \n",
       "year             -0.061575  0.286660         -0.134198  0.014141 -0.037670   \n",
       "acousticness     -0.204052 -0.689840          0.318053 -0.033288 -0.054574   \n",
       "danceability      0.190921  0.206565         -0.242341  0.015868 -0.125331   \n",
       "duration_ms      -0.044279 -0.155156          0.140405 -0.002214  0.037533   \n",
       "energy            1.000000 -0.022525         -0.046174  0.001663  0.161342   \n",
       "explicit         -0.022525  1.000000         -0.276412  0.009907  0.056837   \n",
       "instrumentalness -0.046174 -0.276412          1.000000  0.051668 -0.066743   \n",
       "key               0.001663  0.009907          0.051668  1.000000 -0.029416   \n",
       "liveness          0.161342  0.056837         -0.066743 -0.029416  1.000000   \n",
       "loudness          0.649615 -0.143700         -0.223519 -0.044473  0.060390   \n",
       "mode              0.001631 -0.033745         -0.051044 -0.089586  0.001600   \n",
       "popularity       -0.047636 -0.171667         -0.007267 -0.057285 -0.029949   \n",
       "speechiness      -0.013972  0.791756         -0.311901  0.028510  0.100719   \n",
       "tempo             0.208381 -0.040622          0.033395  0.014816 -0.039487   \n",
       "\n",
       "                  loudness      mode  popularity  speechiness     tempo  \n",
       "valence           0.355033  0.026941   -0.043216    -0.001657  0.292332  \n",
       "year             -0.025349 -0.002306    0.096119     0.313488  0.012782  \n",
       "acousticness      0.036958  0.058337    0.125941    -0.634383 -0.015690  \n",
       "danceability      0.315292  0.030209    0.041181     0.305105  0.102241  \n",
       "duration_ms      -0.034853  0.055954    0.131568    -0.242915 -0.107426  \n",
       "energy            0.649615  0.001631   -0.047636    -0.013972  0.208381  \n",
       "explicit         -0.143700 -0.033745   -0.171667     0.791756 -0.040622  \n",
       "instrumentalness -0.223519 -0.051044   -0.007267    -0.311901  0.033395  \n",
       "key              -0.044473 -0.089586   -0.057285     0.028510  0.014816  \n",
       "liveness          0.060390  0.001600   -0.029949     0.100719 -0.039487  \n",
       "loudness          1.000000  0.123124    0.114812    -0.193951  0.201769  \n",
       "mode              0.123124  1.000000    0.076734    -0.049009  0.053433  \n",
       "popularity        0.114812  0.076734    1.000000    -0.207958  0.030778  \n",
       "speechiness      -0.193951 -0.049009   -0.207958     1.000000 -0.007045  \n",
       "tempo             0.201769  0.053433    0.030778    -0.007045  1.000000  "
      ]
     },
     "execution_count": 7,
     "metadata": {},
     "output_type": "execute_result"
    }
   ],
   "source": [
    "reduced_df.corr()"
   ]
  },
  {
   "cell_type": "code",
   "execution_count": null,
   "id": "142e73df",
   "metadata": {},
   "outputs": [],
   "source": []
  }
 ],
 "metadata": {
  "kernelspec": {
   "display_name": "Python 3 (ipykernel)",
   "language": "python",
   "name": "python3"
  },
  "language_info": {
   "codemirror_mode": {
    "name": "ipython",
    "version": 3
   },
   "file_extension": ".py",
   "mimetype": "text/x-python",
   "name": "python",
   "nbconvert_exporter": "python",
   "pygments_lexer": "ipython3",
   "version": "3.9.13"
  }
 },
 "nbformat": 4,
 "nbformat_minor": 5
}
